# board 0
# empty
000000000
000000000
000000000
000000000
000000000
000000000
000000000
000000000
000000000
# board 1
200804006
006000500
074000920
300040007
000305000
400060009
019000740
008000200
500608001
#111111111
#111110000
#000000000
#000000000
#000000000
#000000000
#000000000
#000000000
#000000000

#from phone 2
000350040
370000200
000002603
000040769
700000008
614090000
905200000
006000074
040038000

#board 3
501600800
090010025
000200000
000007000
080000060
000400100
807009400
056000000
000020007

#board 4
100000000
020000000
000000000
000000000
000000000
000000000
000000000
000000000
000000000

#board 5
100000000
020000000
000000000
000000000
000000000
000000000
000000000
000000000
000000000

#board 6
000000000
000000000
000000000
000000000
000000000
000000000
000000000
000000000
000000000

#board 7
000403600
900060050
000700400
873000002
406000109
200000368
002005000
030020005
005801000

#board 8
020000000
000600003
074080000
000000002
080040010
600500000
000000780
000009000
000000040
